0.000000000000000000
-0.000000204451166943
-0.000000908218067621
-0.000002245660105051
-0.000004348804436641
-0.000007346412391971
-0.000011362878620520
-0.000016516937524282
-0.000022920155126251
-0.000030675188919895
-0.000039873803374401
-0.000050594634557175
-0.000062900703685741
-0.000076836686229409
-0.000092425950328761
-0.000109667385660197
-0.000128532051307645
-0.000148959678572650
-0.000170855071812627
-0.000194084457199498
-0.000218471835593165
-0.000243795401386449
-0.000269784094066873
-0.000296114353231849
-0.000322407150774423
-0.000348225375827401
-0.000373071648730597
-0.000396386639702521
-0.000417547966006360
-0.000435869738173010
-0.000450602821274616
-0.000460935871345649
-0.000465997199862218
-0.000464857510772996
-0.000456533545007553
-0.000439992656771318
-0.000414158334392082
-0.000377916666150135
-0.000330123738558932
-0.000269613941135990
-0.000195209137997267
-0.000105728652815192
0.000000000000000000
0.000123129718399993
0.000264781843426547
0.000426033723034483
0.000607905925673139
0.000811349230375624
0.001037231528900625
0.001286324782811938
0.001559292184118189
0.001856675672100481
0.002178883961121556
0.002526181234452330
0.002898676657411737
0.003296314859360924
0.003718867528318261
0.004165926254190165
0.004636896746895503
0.005130994544077496
0.005647242309752750
0.006184468810275020
0.006741309637548733
0.007316209731694581
0.007907427736547627
0.008513042201676995
0.009130959624289578
0.009758924303666776
0.010394529959938264
0.011035233048283596
0.011678367679335234
0.012321162036898210
0.012960756165361102
0.013594220981598881
0.014218578349998914
0.014830822044698209
0.015427939410406986
0.016006933522491773
0.016564845638458878
0.017098777726746738
0.017605914854905404
0.018083547217886343
0.018529091588325761
0.018940111974388562
0.019314339276924872
0.019649689746319299
0.019944282050397850
0.020196452777979625
0.020404770217972091
0.020568046271134361
0.020685346370571817
0.020755997307454786
0.020779592880129656
0.020755997307454786
0.020685346370571817
0.020568046271134361
0.020404770217972094
0.020196452777979625
0.019944282050397853
0.019649689746319299
0.019314339276924872
0.018940111974388562
0.018529091588325761
0.018083547217886350
0.017605914854905400
0.017098777726746738
0.016564845638458878
0.016006933522491773
0.015427939410406991
0.014830822044698214
0.014218578349998911
0.013594220981598884
0.012960756165361102
0.012321162036898214
0.011678367679335236
0.011035233048283596
0.010394529959938264
0.009758924303666776
0.009130959624289581
0.008513042201676998
0.007907427736547627
0.007316209731694577
0.006741309637548735
0.006184468810275021
0.005647242309752754
0.005130994544077496
0.004636896746895501
0.004165926254190165
0.003718867528318262
0.003296314859360926
0.002898676657411738
0.002526181234452328
0.002178883961121555
0.001856675672100482
0.001559292184118190
0.001286324782811939
0.001037231528900625
0.000811349230375624
0.000607905925673139
0.000426033723034483
0.000264781843426547
0.000123129718399994
0.000000000000000000
-0.000105728652815192
-0.000195209137997267
-0.000269613941135990
-0.000330123738558933
-0.000377916666150134
-0.000414158334392082
-0.000439992656771318
-0.000456533545007553
-0.000464857510772997
-0.000465997199862218
-0.000460935871345649
-0.000450602821274616
-0.000435869738173010
-0.000417547966006360
-0.000396386639702522
-0.000373071648730597
-0.000348225375827401
-0.000322407150774423
-0.000296114353231849
-0.000269784094066873
-0.000243795401386450
-0.000218471835593165
-0.000194084457199498
-0.000170855071812627
-0.000148959678572650
-0.000128532051307645
-0.000109667385660197
-0.000092425950328761
-0.000076836686229410
-0.000062900703685741
-0.000050594634557175
-0.000039873803374401
-0.000030675188919895
-0.000022920155126251
-0.000016516937524282
-0.000011362878620520
-0.000007346412391971
-0.000004348804436641
-0.000002245660105051
-0.000000908218067621
-0.000000204451166943
0.000000000000000000